36.14
45.32
39.02
34.34
36.14
37.22
37.22
26.06
41.9O
44.42
36.14
31.64
35.06
39.02
36.5
26.96
28.76
29.66
15.26
26.06
27.86
31.82
35.24
37.04
35.78
34.7
34.52
34.7
33.98
34.7
36.14
37.22
46.58
38.48
36.14
32
31.64
35.42
33.62
33.26
32.9
32.9
32.36
22.46
12.56
25.16
32.72
36.5
38.12
27.5
22.1
27.86
40.1
46.94
38.84
36.68
31.82
29.66
27.5
30.74
46.04
42.8
42.8
42.26
44.06
35.6
41.36
54.5
55.4
40.46
41.72
49.28
45.5
38.66
38.66
39.02
42.08
41.9
50.36
41.54
32
34.88
38.66
40.64
48.74
45.68
42.8
48.2
51.26
45.32
40.82
41.9
43.7
51.62
45.5
42.8
50.18
67.46
52.34
46.04
42.98
54.86
57.92
43.7
38.48
35.96
42.08
38.48
50
51.08
54.32
46.04
48.92
48.02
44.42
44.78
48.74
55.58
63.32
52.34
46.94
53.6
69.44
60.98
44.78
46.22
51.8
55.04
42.8
50.-0
47.3
45.68
51.44
58.28
63.32
65.3
54.14
59.54
57.2
53.96
57.74
57.92
58.46
63.86
74.84
77.54
76.28
75.92
73.58
67.28
65.12
61.52
67.1
83.3
72.5
74.48
78.98
67.64
69.08
75.56
78.26
75.2
74.12
64.04
60.8
63.14
65.48
70.34
73.4
75.02
76.64
81.68
75.74
75.38
70.7
70.52
73.04
74.66
78.98
77.9
76.46
usgs
77.9
77.9
79.34
80.78
79.52
82.4
83.3
84.38
82.76
85.64
78.8
80.6
75.2
76.82
78.8
78.62
76.1
81.5
84.92
79.16
78.08
76.64
80.24
76.46
78.44
81.14
86.54
79.88
81.68
80.78
77.54
77.54
75.74
72.32
69.98
69.08
69.8
75.74
75.38
79.16
82.58
79.34
75.74
76.46
78.98
79.7
80.24
75.74
77.72
75.02
75.74
76.46
77.36
80.42
80.78
86.18
81.86
85.28
87.08
87.44
77.54
75.38
77.9
72.86
78.98
77.54
72.32
73.94
71.96
73.4
65.84
65.48
65.48
67.1
68.9
69.98
68.72
70.52
73.04
67.1
60.62
60.8
65.48
65.66
69.98
71.24
71.06
73.58
70.7
71.06
57.2
56.66
59
54.14
51.98
52.7
51.44
54.5
64.4